base_link:
  sensor_kit_base_link:
    x: 0.000000
    y: 0.000000
    z: 0.000000
    roll: 0.000000
    pitch: 0.000000
    yaw: 0.000000